40449951
40423629
40420280
40444525
40424666
40441045
40450382
40456109
40440088
40462205
40437660
40448061
40465325
40424667
40446292
40433758
40450320
40440870
40418820
40442746
40460423
40462255
40468448
40454373
40421320
40464151
40418850
40421615
40418716
40454419
40458885
40415081
40455572
40435517
40435511
40442845
40458914
40457487
40424619
40441081
40458868
40415073
40424585
40424062
40464186
40440012
40450010
40468452
40451983
40449898
40456200
40450383
40441093
40450291
40439880
40423762
40449950
40448912
40441067
40433606
40459901
40456192
40461722
40433739
40435292
40426009
40434587
40454431
40459592
40459895
40449709
40448197
40437502
40457512
40421579
40462179
40434773
40465826
40421487
40442795
40426047
40449003
40426104
40444483
40446050
40423850
40415107
40455366
40466096
40444445
40456113
40456194
40465357
40457509
40444444
40465350
40465378
40440915
40462187
40435363
40460443
40444435
40455596
40450156
40424584
40418858
40415143
40449743
40444311
40421538
40421514
40444168
40464194
40449678
40441086
40424038
40448953
40446204
40424023
40459919
40462157
40434786
40459924
40442819
40437419
40461953
40420244
40435463
40449919
40466050
40468393
40446305
40448046
40450305
40415116
40448035
40444519
40426149
40450359
40450059
40440096
40450362
40424664
40455481
40418791
40439990
40415180
40426115
40439939
40457414
40455387
40460451
40439835
40440960
40452102
40448208
40455442
40450349
40418796
40468401
40423893
40450323
40448981
40424579
40459902
40464173
40420214
40450336
40450157
40426158
40454326
40433702
40458683
40450128
40448186
40415035
40415121
40415161
40450183
40450348
40433755
40464176
40433732
40437631
40448246
40455564
40450160
40441046
40426190
40418851
40424613
40458894
40448001
40433756
40465250
40434651
40440990
40420256
40420307
40465366
40433621
40446330
40437608
40415110
40449861
40435531
40440868
40435514
40440093
40424063
40464139
40444332
40452021
40450352
40466201
40444137
40446148
40420260
40433684
40459878
40464187
40456178
40434817
40420248
40450339
40460286
40456095
40418804
40448115
40455360
40454445
40456199
40466089
40418817
40457495
40450075
40454294
40425977
40444471
40465332
40454436
40454348
40442859
40434749
40459922
40448103
40421616
40446287
40450379
40462172
40421497
40437658
40434720
40457510
40444529
40449881
40466092
40460426
40466102
40465344
40437609
40449949
40466054
40420317
40455403
40450176
40426180
40446324
40446313
40450370
40457490
40420324
40448917
40464195
40452067
40418778
40444502
40458668
40424013
40457517
40461763
40464159
40415151
40441026
40449630
40455490
40457502
40458889
40420216
40459891
40435494
40457483
40415118
40448047
40421600
40448112
40458857
40460479
40441051
40446112
40441054
40448023
40462261
40449855
40459662
40439843
40448140
40468457
40464084
40442806
40447904
40454292
40423949
40455379
40444308
40442841
40450120
40456204
40458886
40444499
40454374
40424641
40460454
40421552
40452087
40460446
40437594
40442807
40450357
40440912
40440097
40434809
40449695
40433754
40435368
40424611
40458850